.Random.seed <-
c(403L, 194L, -1077685605L, -460742742L, 1682713548L, 410281615L, 
1372796613L, -371327364L, -378907950L, 1520457293L, 1113258759L, 
-1148502290L, 381320136L, -571798325L, -1047268055L, -1106340488L, 
427362982L, 2004675777L, 1802308947L, 215845378L, -1378806988L, 
-160726857L, -296539987L, -1696246332L, 2003871210L, 1371191893L, 
-1065204753L, -133700618L, -386771680L, -361268509L, -584230015L, 
1356578288L, -1815747442L, 1445768185L, -456111733L, -1850804806L, 
-74818372L, -1449676801L, 76434773L, 740421228L, -1452889406L, 
-481383139L, -2097863785L, -405096706L, 745497784L, 394450587L, 
-645237511L, 901908040L, 116515190L, 1817757873L, 1112476899L, 
432487346L, -1444027388L, -1288624313L, -725287395L, 473928852L, 
597783610L, -1815818619L, 858206047L, -1625985050L, 1230062192L, 
470787475L, 743125553L, 1491349728L, 1458334078L, 64949257L, 
564386875L, -385981942L, -826119700L, -1347801489L, -810253915L, 
1240701276L, 44926258L, 1587788845L, 1888899815L, -333883378L, 
-644396568L, 760253419L, -62737271L, 1072476184L, -1857425594L, 
93695393L, -407247821L, -439244382L, 2007108756L, 344075031L, 
205481229L, -48540636L, -503118838L, 432183669L, -186990385L, 
-559287338L, -336794752L, 476471235L, 1048467809L, 910503888L, 
-2128599250L, -29803815L, 485169387L, 1310452058L, -265145572L, 
1600677407L, 1519926901L, -1872422132L, -1194780958L, -1043989571L, 
139467831L, 2088816350L, -2011911656L, 1408234875L, -1633407719L, 
1632825768L, -1175911082L, -711199279L, 15371651L, 157537298L, 
-1785421916L, 274118503L, 3990717L, -1088367564L, 388110234L, 
-2143730715L, -27213953L, 1825398534L, 981833872L, 77476147L, 
1675437777L, -1923632000L, -1420839586L, -1719334231L, 508106075L, 
-1294334102L, 286871052L, -184695217L, -777811195L, -1581085764L, 
-729801070L, 1813773709L, -1107808825L, 1122242222L, 999745288L, 
-338234101L, 1720353769L, 1522578616L, -683859098L, 1722632193L, 
140514963L, 1086433602L, -349665548L, 700617463L, 125305581L, 
-481616508L, -1450208342L, -624449259L, -1796217937L, -1545618506L, 
-1820712480L, 1487552803L, 1200780865L, -632932048L, 486935374L, 
-212102727L, 770542539L, 931004538L, 1892311420L, -750521921L, 
-1427550571L, 1670837420L, 424124034L, -349817251L, -1845896873L, 
-293026754L, -56211336L, 1671762779L, 770870969L, 932561672L, 
1655011766L, -298973455L, -1218014941L, 1279247218L, 1933699524L, 
1537315207L, 1473145693L, 1950819668L, -2025109638L, -853203259L, 
512174111L, -1552363610L, -354995920L, -461001773L, 1914073585L, 
-1131276512L, -1076174402L, 1079153097L, 2104804731L, 113210186L, 
-2089225300L, -338896209L, 884942949L, 453920796L, -397719950L, 
-1061480211L, 779344167L, 969000270L, 1553565096L, 1539162539L, 
-2037876023L, -1548555560L, -2032478330L, -306066847L, -1817570317L, 
-564378014L, 1088200916L, 2135009751L, 642145229L, -853250204L, 
-273597622L, 1631832757L, 1380579855L, 1200134934L, -1615088192L, 
-1721670269L, 305146785L, -2128186480L, 923512942L, 677385753L, 
543700651L, 1738934938L, -679545252L, -1288960814L, 1572364800L, 
537613652L, -868564504L, 434039802L, 1950355664L, -156127956L, 
-327089420L, 1272013202L, 1958401120L, 426675468L, 1882600160L, 
-1213623966L, 1864579752L, 505684556L, -404489860L, 744160562L, 
-625717136L, -1010061500L, 738829784L, -1778942854L, 1817198128L, 
1294308028L, -909072556L, -1942338494L, 1851899296L, -997643588L, 
277074384L, -418085534L, -429977624L, -506708020L, -1569917188L, 
-1048225294L, 1338708096L, -297423628L, 1180700296L, 188841786L, 
-1782359216L, -353341844L, 1981827220L, -143976110L, 1302599392L, 
692705996L, -659816288L, -816575614L, -1326783768L, 945570540L, 
-1868256196L, 711441010L, -255916944L, -1184268764L, 974822456L, 
-343734246L, -1894614320L, 1207393340L, 734012564L, 23633026L, 
1339006912L, 49639740L, -1721435504L, 1398469666L, -1347349496L, 
591554700L, -1900714980L, 1364704914L, 245908608L, -327921644L, 
812948776L, -1801675206L, -123712304L, 1476748396L, -911789388L, 
766222354L, 938940384L, -1800005684L, -402911776L, -1268808158L, 
-1954856664L, -1315333876L, -811112900L, -18845454L, 315880176L, 
1876968260L, -679615912L, 1859537466L, 524582640L, -267946820L, 
-1757981164L, -505366334L, 1750501472L, -1580771972L, -1713875760L, 
1070865442L, -1351794008L, -501569652L, 137540028L, 1471337522L, 
-1539680448L, -330012492L, -903464120L, 117217978L, 883480336L, 
-1007206164L, 1771754580L, 1562828562L, -1633657952L, -2036039732L, 
-559039648L, -1822011198L, -626547160L, -392649300L, 1387781948L, 
1505494898L, -366535888L, -1003797980L, -616703944L, 736683226L, 
991488400L, 1940784892L, 725872532L, -1276843198L, -356621824L, 
1937488444L, -681116080L, 454195874L, 913234760L, -501947892L, 
946580700L, 1213749842L, 809109632L, 2069175124L, 2033760744L, 
-93107462L, 1255044944L, -989643732L, -459852428L, -995326318L, 
-1153877408L, 492290700L, 1338571616L, 923853538L, -749715288L, 
-1660944180L, -825570820L, 1691062194L, -862431760L, -733887036L, 
-768729256L, 36465530L, 231708080L, -1164535364L, 426322004L, 
-304698430L, 959349536L, -1333952580L, -1968190896L, 1189051874L, 
1017254248L, 297438540L, 563366140L, 357262066L, -288418048L, 
1495156340L, 1638787080L, -313443910L, -1184000048L, 1189403116L, 
1440763796L, -132484398L, 822832736L, -728234676L, -1951476448L, 
1317163650L, -1772672536L, 947619820L, 586217020L, -1434309006L, 
-670948496L, 720070948L, -1268927944L, 393740698L, -1391916592L, 
-1382277700L, 217589908L, 1659010178L, 763217344L, -1981529284L, 
1116075152L, 1878598434L, 1463266824L, -1747915508L, -2043079268L, 
500325906L, -1459614848L, -1391385836L, 701042984L, 551087162L, 
-495522864L, -712932756L, 1388395060L, 542907026L, -1406296736L, 
1083033932L, -1816635424L, -1080453726L, 1900707240L, -270932340L, 
1188871612L, -1373114766L, 960527344L, 1311979076L, -1856374696L, 
1929402426L, 1326934128L, -515753924L, -344475372L, 324895426L, 
-19656992L, -774510468L, 112611024L, 632428962L, 1507979304L, 
484727564L, -1206005316L, 1643402034L, -1638819136L, -1777884108L, 
1134227781L, 26397583L, -1688801528L, -1776330458L, -1317172781L, 
654631733L, 1304949394L, -1381095840L, -1359601719L, 1525894907L, 
-402419508L, 1080265050L, 608756815L, 219179289L, -1792568530L, 
-1538818756L, -51942739L, -84187817L, 1082430624L, 345088510L, 
48794827L, 1526893261L, -515512838L, -680229320L, 1438632929L, 
850400403L, 2133757620L, 1872360386L, 61212631L, -213170143L, 
1215250406L, -2147329308L, 100199957L, 1082537535L, 1697883608L, 
1052756982L, -1073789949L, -1175689403L, 806220642L, 979016912L, 
1627703289L, 1229441835L, -1429765988L, -1708220726L, 357730239L, 
-1735777527L, -530555874L, -1030625844L, -1607307363L, -710739417L, 
489150544L, 216580334L, 1495960987L, -1707183107L, -1491579158L, 
1744869768L, -1871841487L, 1298540451L, -1554681948L, -951039406L, 
-2017517145L, -181709327L, -560750282L, -2013218348L, -235745435L, 
1253277551L, 1387643304L, 1146214150L, 2103087667L, -379924331L, 
-1158778638L, -1589352128L, -787278167L, 1398517531L, 1360099564L, 
-523643654L, 1986534703L, -1176958663L, 960281422L, -995458660L, 
1366121229L, 1580051831L, -2063881856L, -1202458658L, -607627093L, 
166202285L, 1986228250L, -192452904L, 1337288513L, 1803606003L, 
769137172L, -1036794974L, -820527945L, -1193863551L, 834039430L, 
294147780L, -1319233547L, -1831158177L, 1917622456L, -1241244266L, 
-708554845L, 1998308197L, 941204098L, 516845552L, -601097831L, 
-976193653L, 1217413756L, -491335510L, 945189599L, -1289469847L, 
637647486L, 1714258540L, -1826783555L, -853851257L, 1235789680L, 
-2025140722L, -1621896389L, 1187450909L, -1892333366L, 824021992L, 
211525841L, -1952580413L, -584449084L, -1215551374L, -1659504313L, 
779003153L, 104128662L, 1149396468L, -1094322299L, 969942735L, 
-1586646072L, 775610982L, 74218643L, 1286263797L, 1133688274L, 
-1439840736L, 1623205897L, -1480389317L, -455638900L, 991407386L, 
-1431428209L, -389948199L, 1895150446L, -2054397188L, -192491411L, 
-1514423273L, 1673756128L, -573085250L, -141082741L, 521994253L, 
